14563
31693
13303
29515
18490
19802
2131
20354
13779
29067
9601
32374
19803
2628
10433
7532
687
28401
22045
8803
4041
2758
12525
5657
26259
13857
14010
13383
1556
4396
9843
24674
3295
10611
18504
17693
29111
1110
7948
10690
31910
19155
43
30562
15412
10458
32482
491
10418
29027
8172
6829
23770
17472
13903
29915
16089
27788
22538
25199
10422
22068
20934
4470
19153
18870
12526
10641
18751
7231
13186
29224
21121
28868
10416
9003
13733
27553
19288
6587
4493
32703
29533
10710
5073
16113
24422
18999
557
31967
14781
30895
545
24980
28574
24088
17134
16545
13967
1817
15067
1859
20185
13158
24803
10364
30656
17534
13179
5238
7814
32708
25126
14744
21650
24492
30379
13445
32699
9233
20638
7912
13732
22550
2470
20962
13639
6986
15016
24019
6547
7480
29943
17377
2815
27929
745
11517
1193
9141
17252
13955
3714
16177
8992
32706
26645
12430
3413
16158
21327
19310
1496
10421
9972
879
19528
2589
28662
16568
5522
11448
30971
19049
32709
12566
25073
10456
16843
23528
13291
25211
13794
17250
4917
9987
6665
16878
15153
13160
10781
8506
20807
20156
13508
30934
2799
23949
27519
10356
11629
28681
14167
31964
27827
5948
25476
19563
30759
3489
16205
7112
7826
22301
32023
18251
29463
26954
2267
23244
13342
24978
26014
12069
5902
19269
21215
9800
13943
25562
24403
23260
31787
26812
28209
10152
16002
32702
32697
14248
4668
22125
8443
1990
1901
17040
23751
23385
9922
15746
32165
17224
1826
23795
21577
26323
23960
25480
2171
23899
7181
17504
230
9678
32350
5422
15616
32700
21807
24509
19335
20639
8130
10851
17420
15821
13633
1581
2608
25466
21268
12877
15540
11240
31911
7777
12238
20394
5069
5595
493
1903
14297
20453
27546
13447
32698
6398
2566
13657
26286
26913
2698
17881
22235
30161
18186
12792
26855
29383
12900
4040
19045
31679
777
32159
19421
6468
18270
23992
28321
30576
17394
13772
13165
14246
9905
30395
8292
12768
15874
9591
9519
18033
21917
21345
16893
31258
22922
14630
21598
11890
17442
28956
15304
5464
16476
24204
27919
30508
28076
7254
7981
31179
23406
22002
13166
11158
909
19137
17157
20432
11026
5699
32333
5987
20655
16331
16829
16623
14421
25878
24045
13676
1373
9570
2587
30027
28015
8632
18527
21083
28873
14113
19970
29588
16978
18637
24029
4279
860
12885
6020
495
16698
24925
7675
16704
17565
13864
12072
14534
19211
13457
11042
1820
28119
16539
6761
3927
211
8819
6846
12862
3804
29929
22289
10790
27746
14703
26738
15111
18070
10254
4406
6888
19182
10881
8938
18993
23685
16714
11329
19351
17385
26155
4306
20039
10834
2784
21969
22553
18025
3324
10917
20863
6171
15355
9333
9143
19566
12205
10270
6034
25796
4951
14399
26717
29324
1825
3256
3520
28242
3815
22139
17480
18978
21390
28241
3753
16080
20178
10205
17968
18620
1325
6731
23792
23791
18412
20748
28207
8535
9862
5912
17858
24315
8432
17913
13212
25163
14967
26087
29982
13830
6285
27947
26214
11128
953
10999
29360
28240
1363
28324
3449
23924
2465
24430
5222
32106
12232
31640
23716
7090
19876
10538
5705
7361
12716
30570
31399
17119
21909
10997
4666
412
13751
13274
19886
23783
29029
25082
26948
7367
16473
29966
6520
26681
23776
22958
13334
29240
29983
17426
26894
23307
19424
608
13167
23623
6648
28553
10068
13862
30284
13346
10039
28019
17414
13350
27056
14856
23283
7468
14757
22043
5234
26304
23784
29131
10554
25463
4894
10863
29469
22649
24571
19254
22926
25998
20398
4591
11304
872
15631
32135
19948
184
15811
6405
30450
10566
12582
526
30982
4384
6885
15891
14042
4654
29611
12747
6987
9077
23151
17845
31182
27733
11509
12718
20541
1305
4489
7589
16998
22903
17422
21873
5702
8025
2303
8010
8033
11682
2089
4296
10868
27682
25520
2490
19075
1650
5859
13006
14826
6117
22885
12228
19432
1499
925
17907
22644
22905
7526
26642
12465
806
13709
19673
25975
27495
4892
22751
2550
29691
3117
12904
27252
29733
12969
29188
12993
24406
29041
15094
16902
9704
336
11925
9028
18976
3091
15865
6897
32412
15739
23595
22862
14265
22327
21601
1157
625
8582
11482
20852
30084
28967
29813
10983
30912
8354
17044
6236
141
31663
27156
11369
7575
1664
4959
10916
23839
13891
19289
29618
22159
9887
21976
22817
6499
15020
24377
28996
4845
28962
27256
7855
30607
15386
824
30737
1202
30368
17430
5747
30566
602
8356
4838
18785
28116
20005
21442
3759
21752
6344
19670
29969
14591
28866
15793
22357
2366
24245
27258
21600
12338
19920
31022
994
757
9455
19405
9354
7729
17125
2902
1391
10280
12009
346
24395
2795
30160
7184
16309
3837
10240
22865
18445
12791
27793
9067
575
11396
25954
25198
11918
19349
12084
3810
5140
17686
25341
17929
26699
28135
6443
18273
24174
13860
21514
11060
22474
22624
25230
23035
28358
18553
26248
8162
4254
28093
18157
15172
12447
9493
7491
23724
16141
1750
29693
21430
15772
17987
27958
10332
4734
6033
2435
7892
22882
13362
1506
12027
28368
22828
31986
18503
10221
10156
9029
31991
1187
24802
23345
15726
3136
1995
24011
13954
16581
10778
12059
17176
30107
20922
10384
6303
6817
7469
7592
30765
28426
27849
86
31594
4058
25461
3949
1728
17917
23233
20422
21786
22769
14811
3959
28760
14688
7120
5944
32097
13024
20565
345
15437
15400
5952
1871
31036
27830
5927
17905
6810
23124
28309
3668
16057
9515
28092
6445
2892
31800
13859
6790
12608
11544
15545
11666
26899
8037
4566
27837
26057
9445
2547
2742
1608
30855
21413
862
2047
29832
21389
29741
14817
5134
16148
10181
17435
19247
3559
18447
20102
9145
23747
28834
3003
11683
14854
30639
19512
17079
10788
6510
1873
25733
25346
24177
31602
18677
18220
18979
22622
24071
11253
4803
21303
121
21182
250
12074
13963
17873
2630
22728
18359
27930
29971
29373
8538
25670
15250
24953
27384
21048
1429
30700
23761
14327
20936
6161
30131
16832
25643
15827
11117
6491
7752
18624
15604
28643
26211
27515
20874
11123
26856
28663
27352
17297
19088
24861
32121
24283
28676
9830
10809
12237
1646
32705
16399
28017
30010
24449
253
32196
