-4.237935841083526611e-01 2.522064208984375000e+00
3.889942169189453125e+00 -3.761262416839599609e+00
1.350753903388977051e+00 3.412282705307006836e+00
1.583543658256530762e+00 1.516607999801635742e+00
5.531951427459716797e+00 2.855450630187988281e+00
-2.753595352172851562e+00 -5.784938931465148926e-01
2.043168306350708008e+00 3.929052114486694336e+00
-6.095897555351257324e-01 1.722179651260375977e+00
3.369072198867797852e+00 5.607309937477111816e-01
2.409034490585327148e+00 2.840471982955932617e+00
-7.978507280349731445e-01 8.741900324821472168e-01
1.948109626770019531e+00 -1.453383266925811768e-01
5.253793716430664062e+00 3.007822751998901367e+00
2.483795881271362305e+00 -1.167693257331848145e+00
4.013910293579101562e+00 1.847256273031234741e-01
1.888560891151428223e+00 -1.765060186386108398e+00
-3.230295777320861816e-01 5.490564346313476562e+00
4.492827892303466797e+00 1.007627844810485840e+00
1.744262576103210449e+00 -1.421203374862670898e+00
-7.080700397491455078e-01 3.641506433486938477e+00
4.571942985057830811e-01 -1.958345770835876465e-01
1.336377978324890137e+00 -5.209342241287231445e-01
-7.792004346847534180e-01 5.280827999114990234e+00
3.740863084793090820e+00 7.468045949935913086e-01
-1.116378307342529297e+00 3.022063493728637695e+00
1.893209576606750488e+00 2.058688402175903320e+00
1.134692430496215820e+00 -1.618603110313415527e+00
6.474922299385070801e-01 -7.609928846359252930e-01
1.232695579528808594e+00 -2.250077277421951294e-01
2.326186180114746094e+00 2.840726137161254883e+00
-7.575482726097106934e-01 2.858786582946777344e+00
3.526873588562011719e+00 2.284168958663940430e+00
2.576382160186767578e+00 1.562826633453369141e-01
8.881274461746215820e-01 3.552767276763916016e+00
2.880768537521362305e+00 -2.200898647308349609e+00
9.312706589698791504e-01 -9.713518619537353516e-01
-2.197999238967895508e+00 4.106116294860839844e+00
-1.353500008583068848e+00 1.444489002227783203e+00
-2.542414188385009766e+00 3.140300989151000977e+00
2.481558084487915039e+00 1.268166422843933105e+00
-3.791079521179199219e-01 -8.423711061477661133e-01
4.885140061378479004e-02 -1.016708850860595703e+00
1.010382294654846191e+00 -2.264971494674682617e+00
-1.524293720722198486e-01 -9.796632826328277588e-02
7.451629042625427246e-01 -1.009197354316711426e+00
4.433406352996826172e+00 1.595375537872314453e+00
1.909658193588256836e+00 2.419665575027465820e+00
1.435886472463607788e-01 2.692131280899047852e+00
1.498420596122741699e+00 -1.480019330978393555e+00
2.425551891326904297e+00 2.862967014312744141e+00
4.166240692138671875e+00 -1.457441687583923340e+00
5.566519737243652344e+00 1.289519667625427246e+00
7.713906764984130859e-01 5.757036209106445312e+00
1.596371412277221680e+00 -2.008785963058471680e+00
8.112344741821289062e-01 1.956831067800521851e-01
1.937042117118835449e+00 9.420168399810791016e-01
2.573015689849853516e+00 8.111143112182617188e-01
5.593705654144287109e+00 1.303032159805297852e+00
1.512550115585327148e+00 -7.290521264076232910e-01
-6.778263449668884277e-01 2.451504707336425781e+00
1.911619901657104492e+00 5.185781121253967285e-01
-2.755134105682373047e+00 2.140501886606216431e-01
2.764554023742675781e+00 -1.024586558341979980e-01
5.994960784912109375e+00 9.140567183494567871e-01
-1.913476735353469849e-01 7.049781084060668945e-02
2.678794145584106445e+00 2.444463521242141724e-01
3.910752058029174805e+00 3.195840835571289062e+00
9.535183906555175781e-01 -1.287992000579833984e+00
-3.693869113922119141e-01 -1.083235025405883789e+00
1.510804414749145508e+00 8.080283403396606445e-01
1.303025603294372559e+00 -1.771598339080810547e+00
-2.884761989116668701e-01 4.538296699523925781e+00
2.721910238265991211e+00 -6.477985978126525879e-01
4.534880638122558594e+00 1.551240086555480957e+00
3.409904718399047852e+00 -2.919776737689971924e-01
1.439738988876342773e+00 6.440460085868835449e-01
7.249704003334045410e-01 3.349417150020599365e-01
3.918056249618530273e+00 1.603847622871398926e+00
-7.485701441764831543e-01 1.238396316766738892e-01
-1.192089438438415527e+00 4.407660484313964844e+00
1.085681796073913574e+00 1.415863335132598877e-01
1.211608409881591797e+00 -3.467909619212150574e-02
-1.694791018962860107e-01 3.720240116119384766e+00
6.479723453521728516e-01 2.513222455978393555e+00
-1.638697862625122070e+00 3.178435087203979492e+00
-2.336851358413696289e+00 2.473426342010498047e+00
1.802961945533752441e+00 -4.534008204936981201e-01
5.070910930633544922e+00 1.583415031433105469e+00
1.465108156204223633e+00 -5.463020205497741699e-01
-7.861014604568481445e-01 5.334510326385498047e+00
-2.450995922088623047e+00 -1.145677685737609863e+00
-4.333170875906944275e-02 2.576560020446777344e+00
-1.038158178329467773e+00 -4.135295152664184570e-01
-9.552699923515319824e-01 2.814179062843322754e-01
-1.158015355467796326e-01 1.250273585319519043e+00
2.921275198459625244e-01 3.654439210891723633e+00
1.528927326202392578e+00 2.951806783676147461e+00
-4.204402491450309753e-02 4.343368530273437500e+00
3.470403194427490234e+00 3.520531177520751953e+00
-5.260616168379783630e-02 3.400866746902465820e+00
2.836222410202026367e+00 2.520146846771240234e+00
3.276288747787475586e+00 -1.204543709754943848e+00
1.784605741500854492e+00 -1.315530419349670410e+00
1.793059855699539185e-01 -5.733276605606079102e-01
2.217959314584732056e-01 2.271850585937500000e+00
7.954360246658325195e-01 -3.410878896713256836e+00
2.937453269958496094e+00 5.631965771317481995e-02
3.923267126083374023e+00 2.723507881164550781e+00
-1.424449682235717773e-01 9.440121054649353027e-01
2.483715295791625977e+00 4.780516147613525391e+00
1.169440269470214844e+00 6.107091307640075684e-01
1.858543157577514648e+00 1.121868252754211426e+00
6.095108389854431152e-01 2.492908537387847900e-01
5.091897964477539062e+00 4.044224694371223450e-02
-1.564240641891956329e-02 5.402910709381103516e+00
1.499798297882080078e+00 -1.604153215885162354e-01
-1.660045742988586426e+00 -1.543743968009948730e+00
3.195099592208862305e+00 2.774221181869506836e+00
1.655647158622741699e+00 -1.277723908424377441e+00
3.979422748088836670e-01 1.297445416450500488e+00
-6.757888793945312500e-01 4.782807826995849609e+00
2.285084724426269531e+00 -1.162272930145263672e+00
1.042190194129943848e+00 -2.770513057708740234e+00
4.438254356384277344e+00 7.257622480392456055e-01
-1.331256508827209473e+00 5.118182301521301270e-01
7.183328866958618164e-01 3.094206333160400391e+00
-1.038399338722229004e-01 -3.920853734016418457e-01
1.891374588012695312e+00 -1.686834096908569336e+00
1.401941418647766113e+00 3.100888967514038086e+00
4.230463027954101562e+00 2.664840459823608398e+00
-1.206374406814575195e+00 4.546602249145507812e+00
3.691300630569458008e+00 2.259392589330673218e-01
-1.858311176300048828e+00 -1.621446013450622559e+00
1.971303820610046387e+00 1.742747783660888672e+00
3.008305549621582031e+00 -3.139988660812377930e+00
5.278611183166503906e+00 -1.147621273994445801e+00
1.324030105024576187e-02 -1.700275093317031860e-01
-5.407231450080871582e-01 3.999494791030883789e+00
-6.212067604064941406e-01 5.604527950286865234e+00
1.820474386215209961e+00 -2.401608467102050781e+00
-2.552788257598876953e+00 9.041715860366821289e-01
-2.803468704223632812e+00 1.656462669372558594e+00
-1.587016940116882324e+00 1.229362845420837402e+00
6.450572609901428223e-01 5.101240158081054688e+00
5.872893333435058594e-01 3.184118270874023438e+00
2.041171789169311523e+00 -9.658874869346618652e-01
-1.303052455186843872e-01 -1.040698051452636719e+00
1.942033410072326660e+00 -3.430991172790527344e+00
-1.013063669204711914e+00 3.244271039962768555e+00
-6.718606948852539062e-01 3.427281856536865234e+00
2.953076362609863281e-01 -2.008527278900146484e+00
3.003736972808837891e+00 1.202346801757812500e+00
5.319098949432373047e+00 4.923823475837707520e-02
7.596492767333984375e-01 -9.558997154235839844e-01
5.269454717636108398e-01 2.834819793701171875e+00
2.228755205869674683e-01 -1.034301400184631348e+00
3.442565917968750000e+00 -2.899582684040069580e-01
1.350991725921630859e+00 4.198756694793701172e+00
-5.783367753028869629e-01 -2.053143739700317383e+00
2.895087480545043945e+00 -1.698987960815429688e+00
1.170408844947814941e+00 9.097211360931396484e-01
3.893807888031005859e+00 1.192006587982177734e+00
-5.478207468986511230e-01 2.884301424026489258e+00
-3.314620256423950195e-01 4.631125450134277344e+00
1.863734722137451172e-01 1.612199902534484863e+00
-1.399149775505065918e+00 2.772612333297729492e+00
3.345461606979370117e+00 3.070887565612792969e+00
2.866446495056152344e+00 -9.710410833358764648e-01
2.992968320846557617e+00 6.866574883460998535e-01
-3.687443733215332031e-01 5.266005516052246094e+00
4.999108314514160156e+00 1.241373419761657715e+00
-3.508020639419555664e-01 4.848451614379882812e-01
-1.295335173606872559e+00 -2.423006296157836914e+00
-1.096082329750061035e-01 -4.457892477512359619e-02
5.788060665130615234e+00 -9.809234738349914551e-01
-3.700433373451232910e-01 2.661653280258178711e+00
3.105926036834716797e+00 9.486123919486999512e-01
-6.495145559310913086e-01 4.734606742858886719e+00
3.152558505535125732e-01 3.494133949279785156e+00
-2.383266448974609375e+00 -8.646382093429565430e-01
9.138277769088745117e-01 -8.960148096084594727e-01
-3.673342466354370117e-01 3.632630348205566406e+00
-3.007798828184604645e-02 5.141580581665039062e+00
2.721246242523193359e+00 3.217559099197387695e+00
5.426632404327392578e+00 8.798473477363586426e-01
3.230805397033691406e+00 1.103392168879508972e-01
4.060772418975830078e+00 -6.038340330123901367e-01
-5.687907338142395020e-01 3.732848465442657471e-01
3.432734251022338867e+00 4.860823154449462891e-01
-4.848843440413475037e-02 6.834160089492797852e-01
3.747998237609863281e+00 -1.947850454598665237e-03
2.979773998260498047e+00 1.025036811828613281e+00
-7.731617093086242676e-01 -2.808568716049194336e+00
4.188213825225830078e+00 9.573677778244018555e-01
-3.190763711929321289e+00 8.591192364692687988e-01
-8.098580837249755859e-01 3.845078468322753906e+00
6.006342411041259766e+00 -4.424534142017364502e-01
-3.266458809375762939e-01 5.732183456420898438e+00
1.349322319030761719e+00 -4.275497436523437500e+00
2.613711118698120117e+00 -1.985404342412948608e-01
-9.921771287918090820e-02 -3.758091926574707031e-01
4.772409439086914062e+00 2.020514726638793945e+00
5.263307094573974609e+00 1.914429187774658203e+00
8.834087848663330078e-01 -5.223639607429504395e-01
3.263955831527709961e+00 -3.665569067001342773e+00
5.196456909179687500e-01 -3.024024009704589844e+00
-3.363722562789916992e-01 5.006425857543945312e+00
3.945611476898193359e+00 -3.773110210895538330e-01
9.652457833290100098e-01 3.750992298126220703e+00
3.788061857223510742e+00 3.639288246631622314e-01
-1.579694271087646484e+00 3.776309967041015625e+00
-6.392873525619506836e-01 1.939308047294616699e+00
2.841039657592773438e+00 -2.614768743515014648e-01
3.067426681518554688e+00 -2.111964672803878784e-01
-8.805543184280395508e-01 1.621037244796752930e+00
4.611321985721588135e-01 -3.837853431701660156e+00
2.165930420160293579e-01 3.600404024124145508e+00
-1.657292127609252930e+00 2.122516632080078125e+00
3.344640254974365234e+00 2.178598880767822266e+00
-1.431076228618621826e-01 -6.364724636077880859e-01
3.561143875122070312e+00 8.764967322349548340e-01
1.394305944442749023e+00 -9.203310608863830566e-01
3.559184551239013672e+00 -8.712555766105651855e-01
5.840721130371093750e+00 1.717350363731384277e+00
4.801379680633544922e+00 4.157348632812500000e+00
9.735071659088134766e-01 -1.885983943939208984e+00
1.703784942626953125e+00 -6.804128289222717285e-01
1.206786394119262695e+00 -1.567947030067443848e+00
-1.716033101081848145e+00 -1.188225746154785156e+00
1.700277686119079590e+00 1.686066687107086182e-01
-9.187138080596923828e-01 5.601415634155273438e+00
1.135553479194641113e+00 -2.837504386901855469e+00
-2.291113734245300293e-01 -2.801291942596435547e+00
4.457878112792968750e+00 6.203452348709106445e-01
2.027016401290893555e+00 6.779108047485351562e-01
3.710440397262573242e+00 -2.437717199325561523e+00
4.203956425189971924e-01 1.114843487739562988e+00
1.475539088249206543e+00 -2.068623065948486328e+00
2.491502285003662109e+00 -2.587470531463623047e+00
3.080556869506835938e+00 -2.707271814346313477e+00
-1.013858675956726074e+00 -1.450228810310363770e+00
1.728569984436035156e+00 -7.077181935310363770e-01
4.642271518707275391e+00 3.715626955032348633e+00
-6.434971094131469727e-01 -3.866162061691284180e+00
2.620191276073455811e-01 -6.311234235763549805e-01
-2.888120889663696289e+00 5.991815123707056046e-03
6.040750741958618164e-01 5.199747085571289062e+00
-5.681445449590682983e-02 -3.489290177822113037e-01
2.683069944381713867e+00 3.975626468658447266e+00
2.853664398193359375e+00 -3.937609910964965820e+00
-1.289890527725219727e+00 7.621123194694519043e-01
3.264430999755859375e+00 8.643372058868408203e-01
3.432929992675781250e+00 2.292343139648437500e+00
3.488307595252990723e-01 -1.108631730079650879e+00
2.727931737899780273e+00 3.373240232467651367e+00
5.560099601745605469e+00 -1.083683133125305176e+00
1.689510583877563477e+00 9.750298261642456055e-01
1.015935659408569336e+00 -3.520020723342895508e+00
9.555647969245910645e-01 -2.699534893035888672e+00
2.589916229248046875e+00 8.633394837379455566e-01
-5.943939685821533203e-01 -1.076942324638366699e+00
7.073041200637817383e-01 2.893344163894653320e+00
4.833180010318756104e-01 -2.110512256622314453e+00
3.545125007629394531e+00 2.919069766998291016e+00
-2.181183248758316040e-01 -1.861788630485534668e+00
8.097162246704101562e-01 -4.289038181304931641e+00
-7.831935882568359375e-01 4.397975921630859375e+00
3.895014047622680664e+00 1.473880648612976074e+00
2.076451539993286133e+00 -9.011372327804565430e-01
6.041721701622009277e-01 1.834507465362548828e+00
-1.190005779266357422e+00 -1.423538804054260254e+00
2.097538471221923828e+00 3.498683214187622070e+00
1.258477449417114258e+00 4.704464375972747803e-01
4.860480308532714844e+00 -1.317157149314880371e+00
-1.290586888790130615e-01 5.044495105743408203e+00
4.519631266593933105e-01 -1.761740922927856445e+00
3.686675310134887695e+00 -1.455195069313049316e+00
2.257323980331420898e+00 -4.853187799453735352e-01
-3.184258460998535156e+00 -3.342655181884765625e+00
9.700951725244522095e-02 3.683778285980224609e+00
4.925354957580566406e+00 3.321421146392822266e+00
-1.227843090891838074e-01 -3.540910243988037109e+00
1.519039422273635864e-01 2.708085179328918457e-01
-1.776742577552795410e+00 3.815722465515136719e+00
1.687772274017333984e+00 -2.662497282028198242e+00
2.325210094451904297e+00 -2.746916115283966064e-01
7.597560882568359375e-01 1.042980551719665527e-01
1.574360966682434082e+00 -6.321935653686523438e-01
-1.818058490753173828e+00 -3.498179018497467041e-01
-2.221530914306640625e+00 3.507429838180541992e+00
2.125719547271728516e+00 2.195085763931274414e+00
7.688181996345520020e-01 -2.058312177658081055e+00
1.038041591644287109e+00 -2.038484811782836914e+00
-2.055763959884643555e+00 1.387036800384521484e+00
2.957996368408203125e+00 1.291241049766540527e+00
1.667217373847961426e+00 -2.422318696975708008e+00
-1.092737555503845215e+00 -2.883625030517578125e-01
4.265780448913574219e+00 1.985541582107543945e+00
2.397876024246215820e+00 -6.608615517616271973e-01
2.645728826522827148e+00 -9.207969158887863159e-02
4.383788108825683594e+00 3.183888912200927734e+00
2.108157157897949219e+00 -3.074244022369384766e+00
2.915281772613525391e+00 4.982272386550903320e-01
2.433996498584747314e-01 -2.825457811355590820e+00
2.929309368133544922e+00 -6.399417519569396973e-01
1.441618680953979492e+00 -3.391418755054473877e-01
1.167961835861206055e+00 5.483767032623291016e+00
-3.311410546302795410e-02 -1.951969861984252930e+00
4.337894439697265625e+00 -1.802634477615356445e+00
-5.665060281753540039e-01 3.139421224594116211e+00
-6.650120764970779419e-02 2.455096006393432617e+00
3.467730998992919922e+00 1.096795201301574707e+00
1.938231706619262695e+00 -2.166236162185668945e+00
-1.596619606018066406e+00 2.457253456115722656e+00
3.137294054031372070e+00 3.218466043472290039e-01
-9.110066294670104980e-01 5.230894088745117188e+00
3.031108379364013672e+00 -1.358348250389099121e+00
4.545469284057617188e-01 -1.910872936248779297e+00
-6.184409856796264648e-01 -1.540610671043395996e+00
2.853772163391113281e+00 -1.935714930295944214e-01
-2.030658245086669922e+00 2.666332721710205078e-01
5.906939029693603516e+00 8.058808445930480957e-01
-6.460974216461181641e-01 5.215941905975341797e+00
4.455291271209716797e+00 1.640853643417358398e+00
2.668036937713623047e+00 -4.266568660736083984e+00
1.870609283447265625e+00 1.766279220581054688e+00
5.132664203643798828e+00 2.390958786010742188e+00
-6.235257983207702637e-01 2.023860692977905273e+00
3.960869789123535156e+00 3.795658424496650696e-02
-4.504304528236389160e-01 -2.231894254684448242e+00
9.731103181838989258e-01 1.380020529031753540e-01
2.366580486297607422e+00 -1.878267228603363037e-01
6.551567912101745605e-01 4.098058700561523438e+00
3.766916692256927490e-01 8.144758939743041992e-01
-1.855301260948181152e-01 -6.798139810562133789e-01
2.906923294067382812e+00 -4.582026302814483643e-01
4.626895189285278320e-01 3.104080438613891602e+00
3.680486440658569336e+00 3.483666658401489258e+00
4.099311828613281250e+00 1.464767336845397949e+00
-2.472250461578369141e+00 1.167064785957336426e+00
9.353294968605041504e-01 2.445394247770309448e-01
2.355833768844604492e+00 -5.740295723080635071e-02
8.178094029426574707e-02 -1.595231175422668457e+00
-8.098643422126770020e-01 -4.661145508289337158e-01
-3.234166502952575684e-01 -2.023687064647674561e-01
-1.101313233375549316e+00 3.336186110973358154e-01
2.149529695510864258e+00 -1.055378556251525879e+00
3.417663574218750000e+00 -5.766389966011047363e-01
-6.509552001953125000e-01 2.505364418029785156e+00
-1.912906646728515625e+00 8.792667984962463379e-01
-5.349096059799194336e-01 4.848511695861816406e+00
5.299330949783325195e-01 2.826519012451171875e+00
3.573888063430786133e+00 -1.046534860506653786e-03
9.390386939048767090e-01 -1.958312749862670898e+00
1.865549445152282715e+00 2.479596138000488281e-01
2.333285570144653320e+00 4.151891231536865234e+00
7.911597490310668945e-01 -1.760140538215637207e+00
1.283857345581054688e+00 -1.103826284408569336e+00
2.033396244049072266e+00 2.871054887771606445e+00
1.013682246208190918e+00 4.119367122650146484e+00
4.006176471710205078e+00 7.151556611061096191e-01
3.413290500640869141e+00 1.901798963546752930e+00
3.211240291595458984e+00 7.244229912757873535e-01
2.730535268783569336e+00 4.833990573883056641e+00
-1.011605858802795410e+00 5.203546524047851562e+00
2.226664066314697266e+00 -1.558339118957519531e+00
3.170098066329956055e-01 3.773950338363647461e-01
-3.366894721984863281e+00 -3.082679510116577148e+00
5.427334904670715332e-01 3.418008983135223389e-01
2.744123339653015137e-02 3.756837844848632812e+00
3.301295757293701172e+00 4.544569015502929688e+00
1.061253905296325684e+00 -1.977282047271728516e+00
2.698094248771667480e-01 4.122786521911621094e+00
5.647827386856079102e-01 1.643348336219787598e+00
-4.829200804233551025e-01 6.609948873519897461e-01
4.174388885498046875e+00 -2.290723919868469238e-01
2.907769203186035156e+00 4.163542091846466064e-01
-1.054400205612182617e-01 3.091947793960571289e+00
2.504239797592163086e+00 6.131584167480468750e+00
-5.621668100357055664e-01 5.132001876831054688e+00
5.405909419059753418e-01 -5.682933330535888672e-01
-1.036890387535095215e+00 -7.793887257575988770e-01
2.342696189880371094e+00 1.587103128433227539e+00
4.106321334838867188e+00 1.772517323493957520e+00
1.147687792778015137e+00 1.319670438766479492e+00
3.917403221130371094e+00 -1.122762680053710938e+00
2.032618075609207153e-01 4.625852108001708984e+00
1.684974193572998047e+00 -1.302156925201416016e+00
1.724352836608886719e+00 2.421599864959716797e+00
3.140287399291992188e+00 1.193302512168884277e+00
-4.052909016609191895e-01 -3.048619329929351807e-01
2.518400430679321289e+00 7.038926333189010620e-02
2.387333631515502930e+00 -2.338744878768920898e+00
2.148426055908203125e+00 -5.859626531600952148e-01
2.940103292465209961e+00 1.577940106391906738e+00
3.202962875366210938e+00 7.878210544586181641e-01
-3.842151463031768799e-01 5.368877410888671875e+00
-1.913439869880676270e+00 6.240807771682739258e-01
5.251618385314941406e+00 -5.182141065597534180e-01
4.017356872558593750e+00 -1.963761329650878906e+00
2.583785355091094971e-01 5.300523281097412109e+00
4.121517181396484375e+00 -8.058047890663146973e-01
1.057436227798461914e+00 -2.247747898101806641e+00
5.265173435211181641e+00 3.670884847640991211e+00
1.116729378700256348e+00 4.307876110076904297e+00
1.168377518653869629e+00 -1.765081048011779785e+00
3.219732284545898438e+00 1.260353088378906250e+00
3.730552434921264648e+00 -4.795679748058319092e-01
3.524729251861572266e+00 3.777856349945068359e+00
1.028005242347717285e+00 -4.980640113353729248e-01
4.539591073989868164e-01 1.099587604403495789e-01
-1.510995745658874512e+00 2.606714725494384766e+00
-1.143589377403259277e+00 3.215639114379882812e+00
-3.004774570465087891e+00 2.324506998062133789e+00
-3.637735545635223389e-01 -1.033919215202331543e+00
1.378628373146057129e+00 4.060994625091552734e+00
-2.335010915994644165e-01 3.872293710708618164e+00
3.662808656692504883e+00 2.773005485534667969e+00
3.430779933929443359e+00 -2.601138830184936523e+00
2.664242267608642578e+00 -3.404978215694427490e-01
-1.158573746681213379e+00 -2.252050876617431641e+00
3.397309780120849609e+00 2.203429698944091797e+00
2.978231668472290039e+00 -3.738382339477539062e+00
-1.606161832809448242e+00 -3.561809659004211426e-01
4.897668361663818359e+00 9.880108237266540527e-01
-4.036920666694641113e-01 5.392340660095214844e+00
2.992498874664306641e-01 5.135741233825683594e+00
5.743635073304176331e-02 2.580228805541992188e+00
1.720063209533691406e+00 8.257853984832763672e-01
2.277216196060180664e+00 9.864757657051086426e-01
6.101266741752624512e-01 -2.133682250976562500e+00
1.818969964981079102e+00 2.011176347732543945e+00
9.529477357864379883e-01 -2.841677963733673096e-01
1.598891854286193848e+00 4.506990432739257812e+00
-3.491824865341186523e-02 8.877804875373840332e-01
9.781795144081115723e-01 -7.250130176544189453e-01
-7.072915434837341309e-01 2.823459386825561523e+00
-6.271293759346008301e-01 5.325720310211181641e+00
3.589860677719116211e+00 -1.830584049224853516e+00
-2.055708646774291992e+00 -8.952363580465316772e-02
5.605211734771728516e+00 4.193580150604248047e-01
-4.979611635208129883e-01 -8.410845696926116943e-02
3.253305912017822266e+00 2.683991193771362305e-01
4.774415791034698486e-01 -1.536426663398742676e+00
-1.597173810005187988e+00 1.039181724190711975e-01
6.246418952941894531e-01 3.815194129943847656e+00
2.867824316024780273e+00 2.703030705451965332e-01
-7.528167963027954102e-01 5.402305126190185547e+00
1.919108867645263672e+00 2.281890869140625000e+00
3.502290487289428711e+00 1.437172532081604004e+00
2.182774305343627930e+00 3.518466711044311523e+00
3.269981741905212402e-01 1.663015931844711304e-01
-8.455518633127212524e-03 4.701676845550537109e+00
1.956889629364013672e+00 2.996057510375976562e+00
2.178081035614013672e+00 1.433965444564819336e+00
-6.573865413665771484e-01 5.211972236633300781e+00
1.459952950477600098e+00 -6.699476242065429688e-01
6.115031838417053223e-01 2.556040287017822266e+00
1.126043438911437988e+00 -6.293501257896423340e-01
-3.180583417415618896e-01 -1.220275759696960449e+00
-9.116011261940002441e-01 1.526871204376220703e+00
4.383872509002685547e+00 -2.467317104339599609e+00
2.662076354026794434e-01 3.189074277877807617e+00
1.889748215675354004e+00 -1.965827494859695435e-01
2.152419805526733398e+00 1.526697278022766113e+00
-9.080532789230346680e-01 4.969828128814697266e+00
4.407253742218017578e+00 3.901107549667358398e+00
3.675935268402099609e+00 1.446146965026855469e+00
-4.907232895493507385e-02 3.028273820877075195e+00
-1.738817572593688965e+00 5.645134449005126953e-01
-3.194137573242187500e+00 -3.361979722976684570e+00
3.788766622543334961e+00 2.540605783462524414e+00
2.018515825271606445e+00 1.365237712860107422e+00
1.771451830863952637e+00 -3.020955085754394531e+00
5.636249065399169922e+00 -4.748345911502838135e-01
6.821304559707641602e-01 -1.157957315444946289e+00
2.807375669479370117e+00 -1.192472100257873535e+00
1.523865580558776855e+00 -1.776550650596618652e+00
2.760435581207275391e+00 6.194197177886962891e+00
1.018038868904113770e+00 5.815195441246032715e-01
2.251227051019668579e-01 -1.611060976982116699e+00
2.170546770095825195e+00 3.101966619491577148e+00
1.819893121719360352e+00 -1.111483573913574219e+00
2.915823459625244141e+00 2.792891025543212891e+00
2.446520805358886719e+00 6.837002635002136230e-01
-3.016037702560424805e+00 4.176896214485168457e-01
8.010851740837097168e-01 -1.902546048164367676e+00
2.581236362457275391e+00 5.733143091201782227e-01
1.414651393890380859e+00 -1.433691143989562988e+00
-1.192975565791130066e-01 4.028457164764404297e+00
-1.286894559860229492e+00 4.377728462219238281e+00
4.152768552303314209e-01 4.460304260253906250e+00
3.052975535392761230e-01 3.828933000564575195e+00
-8.525037765502929688e-01 3.277438402175903320e+00
-9.674545526504516602e-01 4.526272296905517578e+00
4.313867688179016113e-01 -2.316929996013641357e-01
4.629048705101013184e-01 1.954690456390380859e+00
2.392565965652465820e+00 2.713984489440917969e+00
-1.142822019755840302e-02 -8.462080955505371094e-01
1.674581527709960938e+00 -8.512635231018066406e-01
1.901171207427978516e+00 -6.417520344257354736e-02
-1.483864665031433105e+00 5.064123153686523438e+00
1.166461229324340820e+00 2.346056997776031494e-01
-1.756497919559478760e-01 -1.634304761886596680e+00
1.364809989929199219e+00 -3.688837528228759766e+00
7.459555268287658691e-01 3.997618436813354492e+00
1.539209365844726562e+00 -1.795108079910278320e+00
7.598186731338500977e-01 5.873112082481384277e-01
6.549868583679199219e-01 -9.156293272972106934e-01
2.999467611312866211e+00 2.625533580780029297e+00
4.608059406280517578e+00 -2.684891462326049805e+00
-3.492652773857116699e-01 6.902250051498413086e-01
-5.444757938385009766e-01 4.162900447845458984e+00
4.269341945648193359e+00 2.861378908157348633e+00
1.803961038589477539e+00 -2.003996610641479492e+00
4.849143028259277344e+00 -2.838896036148071289e+00
5.979862809181213379e-01 -1.307540893554687500e+00
1.615540683269500732e-01 4.106126785278320312e+00
-7.607397437095642090e-02 4.514716148376464844e+00
2.757417201995849609e+00 2.066459655761718750e+00
-8.504951000213623047e-02 7.003341615200042725e-02
1.103602290153503418e+00 4.256448268890380859e+00
8.166406750679016113e-01 -2.132792234420776367e+00
4.195305347442626953e+00 1.921635389328002930e+00
1.569212317466735840e+00 1.707082539796829224e-01
1.375907063484191895e+00 -4.194417953491210938e+00
4.391329288482666016e+00 -3.103821277618408203e+00
1.859606027603149414e+00 1.383982777595520020e+00
1.298093318939208984e+00 4.187521636486053467e-01
1.881632208824157715e+00 -7.846871614456176758e-01
5.761263370513916016e+00 -8.649731874465942383e-01
4.232144355773925781e+00 -1.843333721160888672e+00
2.377764321863651276e-02 5.348423957824707031e+00
3.451180934906005859e+00 -1.622365355491638184e+00
-1.204965710639953613e+00 -1.883687376976013184e-01
3.669190645217895508e+00 3.869951963424682617e-01
2.410184442996978760e-01 5.207126617431640625e+00
1.867989301681518555e+00 3.994860649108886719e+00
2.423574209213256836e+00 2.873351335525512695e+00
4.836952209472656250e+00 -2.277279853820800781e+00
-1.409275680780410767e-01 2.798830509185791016e+00
-1.038302659988403320e+00 4.905173778533935547e+00
2.864273786544799805e+00 1.775780081748962402e+00
1.349179744720458984e+00 2.922434329986572266e+00
2.031833887100219727e+00 -2.753134965896606445e+00
6.213338971138000488e-01 -1.547414660453796387e+00
-4.425842463970184326e-01 5.227689743041992188e+00
-1.736437320709228516e+00 4.598958492279052734e+00
1.735499024391174316e+00 -3.736177682876586914e+00
2.570527076721191406e+00 8.565338850021362305e-01
-1.022344350814819336e+00 -5.473805069923400879e-01
5.220718383789062500e-01 1.479676812887191772e-01
2.002576112747192383e+00 1.536765813827514648e+00
1.308125138282775879e+00 6.051508784294128418e-01
1.744698524475097656e+00 1.138817429542541504e+00
-1.211838841438293457e+00 1.703604221343994141e+00
3.695626258850097656e+00 3.912314414978027344e+00
1.921951889991760254e+00 2.595535993576049805e+00
1.768683075904846191e+00 3.759858608245849609e+00
2.085788488388061523e+00 -1.796840190887451172e+00
2.587054491043090820e+00 2.062290668487548828e+00
-7.031427025794982910e-01 -6.544883251190185547e-01
2.792613506317138672e+00 3.345803022384643555e-01
3.338478088378906250e+00 1.604883313179016113e+00
1.343778371810913086e+00 1.979822635650634766e+00
3.046661376953125000e+00 -1.547288298606872559e+00
3.690657138824462891e+00 3.720277309417724609e+00
1.650251746177673340e+00 -2.560430049896240234e+00
3.481123924255371094e+00 2.768941879272460938e+00
5.923983097076416016e+00 1.797684133052825928e-01
1.406417608261108398e+00 1.265559554100036621e+00
2.810449361801147461e+00 7.458232343196868896e-02
3.415625572204589844e+00 -1.171195864677429199e+00
4.995925903320312500e+00 -6.465710401535034180e-01
-7.550279498100280762e-01 5.383388042449951172e+00
-5.872687101364135742e-01 -5.013403296470642090e-01
3.788181781768798828e+00 -8.224580883979797363e-01
1.195809841156005859e+00 8.650994896888732910e-01
2.478602170944213867e+00 7.682251334190368652e-01
3.812988996505737305e+00 1.187343001365661621e+00
-2.063670635223388672e+00 2.751943588256835938e+00
4.884838104248046875e+00 1.030727267265319824e+00
-1.293801218271255493e-01 -4.253304481506347656e+00
4.672776222229003906e+00 -1.997109055519104004e-01
4.723035693168640137e-01 -5.811719298362731934e-01
-3.746380284428596497e-02 1.257833480834960938e+00
1.270922064781188965e+00 -1.498586773872375488e+00
2.985493898391723633e+00 8.124307394027709961e-01
2.985620737075805664e+00 4.561833381652832031e+00
8.982083797454833984e-01 -5.888410806655883789e-01
1.052177190780639648e+00 1.755746245384216309e+00
7.248062491416931152e-01 3.817391633987426758e+00
1.431490898132324219e+00 -1.052603602409362793e+00
-5.488075688481330872e-02 3.270492076873779297e+00
-8.425177335739135742e-01 4.545593738555908203e+00
4.753357768058776855e-01 -6.028720736503601074e-01
3.194011688232421875e+00 1.638172626495361328e+00
4.265019416809082031e+00 2.881783962249755859e+00
-1.182721734046936035e+00 -2.274201393127441406e+00
3.907170534133911133e+00 2.256824970245361328e+00
-8.884454369544982910e-01 5.408122062683105469e+00
2.313552200794219971e-01 4.127364158630371094e+00
5.086502075195312500e+00 2.306356906890869141e+00
6.820840239524841309e-01 -3.595203399658203125e+00
2.030704021453857422e+00 1.107324361801147461e+00
4.198687076568603516e+00 -2.934753298759460449e-01
-3.158022463321685791e-01 3.573316812515258789e+00
-8.246499300003051758e-01 8.960077911615371704e-02
7.008597999811172485e-02 2.363746404647827148e+00
-4.662666097283363342e-02 4.175114631652832031e+00
3.120493650436401367e+00 -9.922569990158081055e-01
1.306971430778503418e+00 -8.878780603408813477e-01
-7.431783080101013184e-01 2.046060562133789062e-01
-3.970710337162017822e-01 -1.465074896812438965e+00
5.652093291282653809e-01 3.169454574584960938e+00
-1.242463946342468262e+00 -1.853678226470947266e+00
5.029792308807373047e+00 2.483559370040893555e+00
-2.659007208421826363e-03 4.294279575347900391e+00
1.525364398956298828e+00 -7.505080103874206543e-02
2.103667259216308594e+00 2.744657754898071289e+00
2.020002126693725586e+00 2.817659378051757812e+00
1.892374604940414429e-01 -9.543613195419311523e-01
3.130930662155151367e+00 -3.811868190765380859e+00
8.207150697708129883e-01 6.935523450374603271e-02
5.353672504425048828e+00 2.048183530569076538e-01
3.719979763031005859e+00 3.525192737579345703e-01
3.547726392745971680e+00 -1.327551603317260742e+00
4.223718643188476562e+00 2.611632645130157471e-01
2.364605665206909180e-01 1.657438516616821289e+00
3.674982309341430664e+00 7.384552620351314545e-03
2.652228355407714844e+00 1.862119317054748535e+00
-2.237418174743652344e+00 -3.987563550472259521e-01
-2.675815224647521973e-01 -1.357848286628723145e+00
1.938729166984558105e+00 4.567956447601318359e+00
3.048834323883056641e+00 2.403156757354736328e+00
3.107900381088256836e+00 -4.969324171543121338e-01
-1.437862515449523926e+00 1.344314336776733398e+00
-1.265092372894287109e+00 -1.660029172897338867e+00
-1.198781132698059082e+00 3.793442726135253906e+00
-1.310104876756668091e-01 3.195807218551635742e+00
1.260775446891784668e+00 4.691269874572753906e+00
-9.732515215873718262e-01 4.994956016540527344e+00
-1.816944777965545654e-01 2.671465873718261719e+00
-2.107196569442749023e+00 2.562033414840698242e+00
3.214547395706176758e+00 -1.164888381958007812e+00
4.094598293304443359e+00 -2.208209037780761719e+00
4.031120300292968750e+00 3.047707378864288330e-01
2.296178817749023438e+00 -3.928582191467285156e+00
7.517682909965515137e-01 -1.849461436271667480e+00
-3.382414281368255615e-01 2.337950706481933594e+00
2.194619417190551758e+00 -1.277526766061782837e-01
-2.689616978168487549e-01 -1.298891544342041016e+00
3.567595005035400391e+00 1.201760888099670410e+00
-1.483941078186035156e+00 -7.182614207267761230e-01
1.303987503051757812e+00 -9.320849180221557617e-01
2.483628749847412109e+00 3.048726081848144531e+00
3.224556922912597656e+00 -4.528919756412506104e-01
8.489127159118652344e-01 -1.723182439804077148e+00
2.351728439331054688e+00 -2.316814184188842773e+00
-2.959087789058685303e-01 1.309564352035522461e+00
4.665827751159667969e-01 -2.349277496337890625e+00
3.906082153320312500e+00 1.872938871383666992e+00
2.659842014312744141e+00 9.129412174224853516e-01
-2.184194803237915039e+00 4.822495579719543457e-01
6.147698163986206055e-01 -2.340605974197387695e+00
1.269999265670776367e+00 2.461807727813720703e+00
-2.197714090347290039e+00 4.025739669799804688e+00
2.979037046432495117e+00 1.136890053749084473e+00
-4.752359390258789062e-01 -6.224741935729980469e-01
3.067603111267089844e+00 8.180025815963745117e-01
1.684000730514526367e+00 4.688755273818969727e-01
4.393703460693359375e+00 -2.087543010711669922e+00
-7.855292558670043945e-01 1.875566482543945312e+00
5.078748464584350586e-01 -1.624487638473510742e+00
3.256586790084838867e+00 -8.337585330009460449e-01
1.173520445823669434e+00 4.635093212127685547e+00
-1.328137755393981934e+00 -2.259165763854980469e+00
1.901711225509643555e+00 4.583973884582519531e+00
4.011250495910644531e+00 -4.915547370910644531e-01
-1.154571890830993652e+00 1.556326270103454590e+00
3.147787332534790039e+00 3.738979816436767578e+00
2.020039319992065430e+00 3.925606012344360352e-01
-1.366756200790405273e+00 3.135289549827575684e-01
-8.565202355384826660e-01 5.556955933570861816e-01
-5.050957202911376953e-02 3.060512065887451172e+00
5.375943332910537720e-02 -1.688460469245910645e+00
4.505240023136138916e-01 -2.869590759277343750e+00
2.633950710296630859e+00 -2.240687847137451172e+00
2.884353637695312500e+00 1.128896832466125488e+00
-2.924512147903442383e+00 -3.740560114383697510e-01
-3.118073046207427979e-01 -6.955931186676025391e-01
3.150590181350708008e+00 1.390294075012207031e+00
-5.979192256927490234e-01 -3.684071302413940430e+00
-1.101211179047822952e-02 -8.746415972709655762e-01
-7.388548552989959717e-02 4.784142494201660156e+00
6.595562696456909180e-01 -1.954841375350952148e+00
2.796323299407958984e-01 5.579470634460449219e+00
3.402168035507202148e+00 1.824022054672241211e+00
3.642704010009765625e+00 -5.941791534423828125e-01
4.210596561431884766e+00 2.346550464630126953e+00
-1.318458653986454010e-02 -2.294230461120605469e+00
2.252709627151489258e+00 4.761452376842498779e-01
-2.309640049934387207e-01 1.855932354927062988e+00
2.847713232040405273e-01 -1.919569849967956543e+00
-2.965666949748992920e-01 -1.849207878112792969e+00
-1.635808944702148438e+00 6.662684679031372070e-01
4.024510383605957031e+00 -3.455882072448730469e+00
-1.374326348304748535e+00 1.462931871414184570e+00
2.188545465469360352e+00 1.050955772399902344e+00
2.478496074676513672e+00 6.229424953460693359e+00
4.777529716491699219e+00 3.497296571731567383e+00
1.039021492004394531e+00 -2.559139490127563477e+00
3.595478057861328125e+00 -2.929950952529907227e-01
1.842869997024536133e+00 -2.444483995437622070e+00
2.935067117214202881e-01 3.452946186065673828e+00
-5.232280492782592773e-01 5.290483951568603516e+00
-4.096553027629852295e-01 2.026046752929687500e+00
1.638221144676208496e+00 -2.057603150606155396e-01
1.341075778007507324e+00 7.582347989082336426e-01
9.468004107475280762e-02 -7.679839134216308594e-01
2.231599539518356323e-01 3.725961923599243164e+00
4.578915119171142578e+00 8.531307429075241089e-02
1.525158047676086426e+00 5.245953202247619629e-01
5.843131542205810547e+00 2.154301404953002930e+00
-1.906183734536170959e-02 -6.572350263595581055e-01
5.095965862274169922e+00 6.535848975181579590e-01
2.529762983322143555e+00 3.114819526672363281e+00
2.622649431228637695e+00 1.156775116920471191e+00
3.571808815002441406e+00 -2.064837366342544556e-01
-3.610844910144805908e-01 -2.792847871780395508e+00
-1.504465818405151367e+00 -6.886199712753295898e-01
-1.380487322807312012e+00 4.223130702972412109e+00
4.988544464111328125e+00 -2.380833625793457031e+00
9.596752934157848358e-03 -1.634591341018676758e+00
-5.169559121131896973e-01 -3.226373672485351562e+00
2.922137022018432617e+00 -2.127350807189941406e+00
1.911081671714782715e+00 3.725411176681518555e+00
-1.561869382858276367e+00 4.919559001922607422e+00
1.581024408340454102e+00 -1.162106871604919434e+00
-1.251398205757141113e+00 -4.409036934375762939e-01
1.378622293472290039e+00 -1.319442868232727051e+00
4.817745834589004517e-02 1.896751642227172852e+00
2.773667573928833008e+00 1.405070662498474121e+00
-4.082889854907989502e-01 5.581316947937011719e+00
1.932615637779235840e+00 -1.597538471221923828e+00
2.767226219177246094e+00 4.637441635131835938e+00
1.652432084083557129e+00 -3.036932647228240967e-01
-3.903377652168273926e-01 -6.719393134117126465e-01
3.968153715133666992e+00 4.687561511993408203e+00
-1.116041541099548340e+00 -2.952693223953247070e+00
2.412065744400024414e+00 2.366642713546752930e+00
3.942897796630859375e+00 -1.430246233940124512e+00
3.926655530929565430e+00 1.827830433845520020e+00
2.725049853324890137e-01 6.643545031547546387e-01
1.638531208038330078e+00 -1.501373797655105591e-01
1.039499044418334961e+00 3.599124670028686523e+00
1.377831697463989258e+00 2.159063100814819336e+00
5.391098022460937500e+00 -1.875852465629577637e+00
3.533329248428344727e+00 -1.788921713829040527e+00
1.635882735252380371e+00 2.122134685516357422e+00
8.806616812944412231e-02 -3.286611080169677734e+00
-4.923007190227508545e-01 1.583683609962463379e+00
1.890402555465698242e+00 4.460738658905029297e+00
1.947493553161621094e+00 3.203676700592041016e+00
2.932982053607702255e-03 6.512689590454101562e-01
-3.117923140525817871e-01 9.308492392301559448e-02
3.165160179138183594e+00 1.794372439384460449e+00
-1.817176192998886108e-01 1.261539101600646973e+00
-1.549943327903747559e+00 2.957009792327880859e+00
3.422608852386474609e+00 -5.286518335342407227e-01
5.391976237297058105e-01 4.011970996856689453e+00
1.009851336479187012e+00 -1.302441239356994629e+00
1.807381629943847656e+00 -1.359208583831787109e+00
3.986057281494140625e+00 2.688866853713989258e+00
-7.978335022926330566e-01 -1.750575780868530273e+00
-4.658634066581726074e-01 8.053828477859497070e-01
4.317060947418212891e+00 3.578168153762817383e+00
-8.582373857498168945e-01 2.971276044845581055e+00
6.481181383132934570e-01 4.854645252227783203e+00
-3.460762649774551392e-02 -7.867044210433959961e-01
2.686784982681274414e+00 -3.286898136138916016e+00
-1.328004479408264160e+00 2.046235561370849609e+00
7.434523105621337891e-01 3.178957939147949219e+00
2.614783525466918945e+00 -3.761570930480957031e+00
2.879981756210327148e+00 3.738262653350830078e+00
9.354254603385925293e-01 -3.095131635665893555e+00
5.129335403442382812e+00 2.526920080184936523e+00
-1.721892058849334717e-01 3.408852338790893555e+00
4.031910419464111328e+00 1.073639750480651855e+00
6.507586687803268433e-02 -8.579857945442199707e-01
-1.095413044095039368e-01 5.587325096130371094e+00
3.992022991180419922e+00 1.470621585845947266e+00
2.134902477264404297e+00 -2.021722316741943359e+00
1.779222190380096436e-01 3.729780197143554688e+00
-5.161584019660949707e-01 5.220587730407714844e+00
4.664832115173339844e+00 2.503075838088989258e+00
2.985711574554443359e+00 1.524263620376586914e+00
2.850462198257446289e+00 1.170744419097900391e+00
-1.564566642045974731e-01 5.216277599334716797e+00
3.126322507858276367e+00 4.945586025714874268e-01
-9.810172319412231445e-01 3.912460803985595703e+00
-6.282486915588378906e-01 -1.794768095016479492e+00
3.453524708747863770e-01 2.080870151519775391e+00
-7.203370928764343262e-01 5.109753608703613281e+00
-8.672804832458496094e-01 5.953388214111328125e-01
1.742055714130401611e-01 2.542845487594604492e+00
2.033704280853271484e+00 1.320784330368041992e+00
-1.125220209360122681e-01 5.633903503417968750e+00
3.136346817016601562e+00 -4.977763295173645020e-01
-5.685198903083801270e-01 5.224382877349853516e+00
4.034428119659423828e+00 -8.654357790946960449e-01
8.275983333587646484e-01 2.838901758193969727e+00
2.602041006088256836e+00 -1.565994977951049805e+00
-2.951657176017761230e-01 5.126712799072265625e+00
-1.819212138652801514e-01 3.818960428237915039e+00
3.203001499176025391e+00 -2.021307945251464844e+00
1.989057421684265137e+00 -1.661587595939636230e+00
2.774437904357910156e+00 -3.958224356174468994e-01
6.145531654357910156e+00 1.062556430697441101e-01
-7.018435001373291016e-01 -1.170337721705436707e-01
2.332144260406494141e+00 1.314298033714294434e+00
-1.199412196874618530e-01 4.558635234832763672e+00
-1.932433366775512695e+00 -1.390001177787780762e+00
9.326029419898986816e-01 2.567287206649780273e+00
5.707186698913574219e+00 2.152591466903686523e+00
2.079640179872512817e-01 -2.702254652976989746e-01
3.575809717178344727e+00 9.117373079061508179e-02
7.074695825576782227e-01 1.048657655715942383e+00
8.711654543876647949e-01 -1.254198193550109863e+00
1.257528305053710938e+00 -1.166578769683837891e+00
1.438503980636596680e+00 -3.146307945251464844e+00
1.828219413757324219e+00 -1.305863976478576660e+00
-1.279479622840881348e+00 2.356448173522949219e+00
6.030557751655578613e-01 -9.337173104286193848e-01
3.047506332397460938e+00 1.651173949241638184e+00
1.583949774503707886e-01 -1.121061325073242188e+00
-3.227102756500244141e+00 -3.381800889968872070e+00
-3.003157854080200195e+00 2.653181314468383789e+00
5.200445055961608887e-01 -2.367584466934204102e+00
-3.990505822002887726e-03 2.361558914184570312e+00
-2.903819084167480469e-01 3.884321212768554688e+00
2.282379150390625000e+00 -6.621446609497070312e-01
-6.635616421699523926e-01 3.797708749771118164e-01
1.756257414817810059e+00 -3.992623090744018555e+00
-1.957945466041564941e+00 3.350403070449829102e+00
-2.939354181289672852e-01 -1.270894289016723633e+00
2.675841808319091797e+00 2.146543741226196289e+00
-2.144209623336791992e+00 -9.717025607824325562e-02
8.446115255355834961e-01 4.173307418823242188e+00
2.629013061523437500e+00 1.840598702430725098e+00
-7.917952537536621094e-01 1.267448425292968750e+00
2.566487312316894531e+00 2.153904676437377930e+00
2.274779081344604492e+00 2.867552042007446289e+00
2.234972000122070312e+00 -9.478878378868103027e-01
3.699933052062988281e+00 -2.828498125076293945e+00
9.582617878913879395e-01 1.589750766754150391e+00
4.520655632019042969e+00 3.790993988513946533e-01
-4.576501846313476562e-01 5.077911853790283203e+00
3.201692104339599609e+00 3.425677299499511719e+00
1.251942157745361328e+00 1.592630505561828613e+00
5.480488777160644531e+00 7.529010772705078125e-01
2.577497959136962891e+00 -1.822407007217407227e+00
8.703732490539550781e-02 -2.153962373733520508e+00
9.751999974250793457e-01 -5.863728523254394531e-01
2.515131711959838867e+00 -3.822407424449920654e-01
-6.308220624923706055e-01 5.520403861999511719e+00
3.218745231628417969e+00 8.064427375793457031e-01
-5.661187767982482910e-01 2.866035223007202148e+00
4.045876026153564453e+00 1.895770549774169922e+00
-2.595122814178466797e+00 3.531089067459106445e+00
5.818789601325988770e-01 -5.254306197166442871e-01
1.454665184020996094e+00 -2.529731392860412598e-01
4.017031937837600708e-02 2.856540203094482422e+00
-9.049794822931289673e-02 -3.532236516475677490e-01
-1.282932311296463013e-01 3.868167161941528320e+00
2.367948293685913086e+00 4.463852405548095703e+00
4.311955720186233521e-02 2.308239936828613281e-01
4.594793796539306641e+00 -9.135487675666809082e-01
2.973492622375488281e+00 -2.035772651433944702e-01
-8.194329738616943359e-01 5.380300045013427734e+00
1.880818307399749756e-01 7.867643237113952637e-01
1.132254004478454590e+00 1.866370677947998047e+00
2.129689455032348633e+00 1.851129055023193359e+00
3.073086738586425781e-01 1.260398268699645996e+00
4.237463772296905518e-01 -4.532148838043212891e-01
-7.216922044754028320e-01 3.748390436172485352e+00
1.739253044128417969e+00 -1.858440518379211426e+00
-8.967061638832092285e-01 3.120639801025390625e+00
4.482072353363037109e+00 2.417656421661376953e+00
2.835914194583892822e-01 3.402460813522338867e+00
-6.984184384346008301e-01 5.365652084350585938e+00
-6.371319890022277832e-01 4.942272186279296875e+00
1.065068840980529785e+00 2.914153337478637695e+00
-1.951838374137878418e+00 2.117084264755249023e+00
1.489721059799194336e+00 -1.645218491554260254e+00
-5.643091201782226562e-01 -2.807349920272827148e+00
2.410180330276489258e+00 -1.484480381011962891e+00
5.189524888992309570e-01 -6.770359873771667480e-01
3.478356122970581055e+00 -1.390295028686523438e+00
4.024182558059692383e-01 5.729114532470703125e+00
5.350584030151367188e+00 1.732958436012268066e+00
-6.226561069488525391e-01 5.119748115539550781e+00
4.149526357650756836e-01 2.717701196670532227e+00
-3.358905792236328125e+00 1.313627600669860840e+00
-4.651186764240264893e-01 2.000969409942626953e+00
-1.375414848327636719e+00 -1.705808043479919434e+00
-1.513072967529296875e+00 1.727432608604431152e+00
1.185221910476684570e+00 1.386887669563293457e+00
1.477722406387329102e+00 -9.002833813428878784e-02
1.074533939361572266e+00 4.795006752014160156e+00
1.955659687519073486e-01 -2.916268348693847656e+00
-1.493953704833984375e+00 -1.885613918304443359e+00
6.697499752044677734e-01 -1.681731700897216797e+00
5.248455524444580078e+00 -2.194462060928344727e+00
2.492633581161499023e+00 -2.236172705888748169e-01
1.647983491420745850e-02 -1.828601121902465820e+00
1.441486239433288574e+00 -1.116734981536865234e+00
-7.931367754936218262e-01 -5.072504281997680664e-01
4.122283458709716797e+00 1.269295334815979004e+00
-4.258065521717071533e-01 5.268696784973144531e+00
1.418897151947021484e+00 5.033952236175537109e+00
-8.720083534717559814e-02 5.195983409881591797e+00
2.031548023223876953e+00 6.782044172286987305e-01
2.462074756622314453e+00 -8.395119905471801758e-01
2.754347324371337891e+00 2.888527631759643555e+00
4.016121387481689453e+00 2.121014595031738281e+00
2.702481985092163086e+00 1.211336135864257812e+00
3.478513717651367188e+00 4.570211768150329590e-01
-8.328186273574829102e-01 5.443955898284912109e+00
3.632231950759887695e-01 3.691751480102539062e+00
6.053693890571594238e-01 -1.911678910255432129e+00
-9.767864346504211426e-01 4.980240821838378906e+00
5.786478042602539062e+00 2.581228017807006836e+00
1.326436996459960938e+00 -2.491248846054077148e+00
2.355845212936401367e+00 2.323184013366699219e+00
5.436471104621887207e-02 4.084135532379150391e+00
2.053855657577514648e+00 2.569223344326019287e-01
1.563114404678344727e+00 -1.372851371765136719e+00
-6.328544020652770996e-01 2.936279177665710449e-01
2.509922742843627930e+00 3.000073194503784180e+00
4.895678460597991943e-01 -1.426655530929565430e+00
4.698392391204833984e+00 1.177212476730346680e+00
2.996583223342895508e+00 -2.760103940963745117e+00
-1.781132340431213379e+00 8.761103153228759766e-01
2.248444557189941406e+00 4.890470981597900391e+00
5.765035629272460938e+00 -1.765289068222045898e+00
-1.070464700460433960e-01 -8.006837368011474609e-01
-1.333891630172729492e+00 2.154722690582275391e+00
1.684965193271636963e-01 -1.592141985893249512e+00
2.118399143218994141e+00 -5.231881737709045410e-01
1.466111540794372559e+00 -3.884218215942382812e+00
5.419296264648437500e+00 7.068390250205993652e-01
6.191732406616210938e+00 1.370277404785156250e+00
-2.893126010894775391e-02 2.374151229858398438e+00
-2.586080729961395264e-01 -3.546895682811737061e-01
2.009984970092773438e+00 -5.207488536834716797e-01
1.282432824373245239e-01 3.276381015777587891e+00
3.465792834758758545e-01 3.050956010818481445e+00
3.394674777984619141e+00 -1.810551166534423828e+00
8.537104725837707520e-01 1.511261463165283203e+00
2.102030992507934570e+00 1.509469509124755859e+00
5.363290786743164062e+00 1.209661141037940979e-01
2.262468099594116211e+00 7.117056846618652344e-01
2.132382392883300781e-01 -9.389451146125793457e-01
6.817346066236495972e-02 -2.538611173629760742e+00
-9.257263541221618652e-01 -4.480696320533752441e-01
-1.680981665849685669e-01 5.639151573181152344e+00
3.479303419589996338e-01 -1.225696563720703125e+00
1.237753748893737793e+00 -4.073319435119628906e-01
4.622497558593750000e+00 1.377651095390319824e+00
1.092882037162780762e+00 9.672982096672058105e-01
2.944386899471282959e-01 -2.367786645889282227e+00
1.493788123130798340e+00 5.209055423736572266e+00
4.985716342926025391e+00 1.935037970542907715e+00
-1.233647584915161133e+00 2.577233791351318359e+00
-9.179664775729179382e-03 -9.017794728279113770e-01
1.371753096580505371e+00 4.138897895812988281e+00
2.862279891967773438e+00 -3.125698491930961609e-02
-3.475785255432128906e-01 -2.233081817626953125e+00
3.305300951004028320e+00 -1.354232311248779297e+00
-4.660319685935974121e-01 4.039159297943115234e+00
7.645174264907836914e-01 -2.444751024246215820e+00
1.099794387817382812e+00 -5.320857167243957520e-01
4.121709823608398438e+00 4.090092658996582031e+00
-6.479460597038269043e-01 5.301517963409423828e+00
-3.515779972076416016e-01 2.088864803314208984e+00
6.266895771026611328e+00 -8.093656897544860840e-01
1.302140355110168457e+00 -2.917541742324829102e+00
-1.294058710336685181e-01 3.438694953918457031e+00
1.899465322494506836e-01 -1.599543690681457520e+00
4.900606632232666016e+00 6.715082526206970215e-01
1.542925119400024414e+00 -7.316439747810363770e-01
2.184247732162475586e+00 -1.104732394218444824e+00
2.589259445667266846e-01 -4.711501002311706543e-01
-5.320206284523010254e-01 4.920781135559082031e+00
2.859993934631347656e+00 -1.507278919219970703e+00
-4.917627573013305664e-01 5.157128810882568359e+00
-1.016164183616638184e+00 2.055015563964843750e+00
2.667246758937835693e-01 5.514187812805175781e-01
-1.710530042648315430e+00 3.506917238235473633e+00
6.780765056610107422e-01 2.281981706619262695e+00
3.618100166320800781e+00 1.182891488075256348e+00
-4.352443814277648926e-01 -3.249134302139282227e+00
2.891709208488464355e-01 -1.403250455856323242e+00
8.431471586227416992e-01 -1.425823450088500977e+00
-2.098880052566528320e+00 -1.249964594841003418e+00
1.527377963066101074e-01 3.962135076522827148e+00
-5.390090942382812500e-01 -9.180039167404174805e-01
1.900807142257690430e+00 3.343633651733398438e+00
-3.285837471485137939e-01 5.662127971649169922e+00
-4.576641321182250977e-02 4.853135585784912109e+00
3.561281442642211914e+00 -1.245729774236679077e-01
2.308425903320312500e+00 2.342545747756958008e+00
2.409874349832534790e-01 -9.863382577896118164e-01
2.404250144958496094e+00 1.658835649490356445e+00
2.747486591339111328e+00 -2.368177890777587891e+00
1.781108021736145020e+00 3.355968236923217773e+00
-1.889415621757507324e+00 1.354136347770690918e+00
2.783468723297119141e+00 -1.170097440481185913e-01
-2.442933082580566406e+00 3.748426437377929688e+00
-2.457987785339355469e+00 3.392866373062133789e+00
1.743303060531616211e+00 7.282380461692810059e-01
3.292325258255004883e+00 -5.492740869522094727e-01
-8.637567758560180664e-01 -1.318617939949035645e+00
1.943742990493774414e+00 6.448750495910644531e-01
8.267955780029296875e-01 3.685282230377197266e+00
3.440562009811401367e+00 -3.784743845462799072e-01
5.033661365509033203e+00 1.504414319992065430e+00
2.482386350631713867e+00 3.974244117736816406e+00
5.326011180877685547e-01 -2.530835151672363281e+00
-1.629263758659362793e+00 3.830728530883789062e+00
9.675908088684082031e-02 3.059921026229858398e+00
4.739608764648437500e+00 3.323957622051239014e-01
1.780967354774475098e+00 2.814357757568359375e+00
1.403732180595397949e+00 -4.070300757884979248e-01
4.168279170989990234e-01 -9.013960361480712891e-01
2.584981918334960938e+00 -6.271903514862060547e-01
9.429333806037902832e-01 -1.211548924446105957e+00
2.349432557821273804e-02 5.276408195495605469e+00
4.790034770965576172e+00 4.782859981060028076e-01
1.116851329803466797e+00 -1.041288733482360840e+00
-2.399027645587921143e-01 1.251957774162292480e+00
2.428802967071533203e+00 -2.969068288803100586e+00
3.720700025558471680e+00 -3.524961709976196289e+00
4.356950759887695312e+00 7.820055484771728516e-01
3.380940675735473633e+00 -8.186354041099548340e-01
4.447138786315917969e+00 7.547933608293533325e-02
-2.216397285461425781e+00 2.122876882553100586e+00
1.274198532104492188e+00 -3.784990072250366211e+00
-6.361624002456665039e-01 -9.144424200057983398e-01
3.229951262474060059e-01 -3.301257848739624023e+00
-6.830344796180725098e-01 2.516090631484985352e+00
1.011361837387084961e+00 -1.683421134948730469e+00
4.254118442535400391e+00 -1.115386039018630981e-01
-1.148908257484436035e+00 5.402481555938720703e-01
4.063738822937011719e+00 2.979978322982788086e+00
7.887833714485168457e-01 -5.185397863388061523e-01
3.672973394393920898e+00 5.889015793800354004e-01
9.630656242370605469e-01 1.439627051353454590e+00
3.364352703094482422e+00 4.690547943115234375e+00
1.091338038444519043e+00 -1.045654043555259705e-01
4.537982463836669922e+00 -7.575350999832153320e-01
4.531960785388946533e-01 -6.527960300445556641e-01
2.478539466857910156e+00 8.465601801872253418e-01
3.754767417907714844e+00 -3.640437126159667969e-01
-9.901158213615417480e-01 4.687851905822753906e+00
2.809600591659545898e+00 6.790319085121154785e-01
3.510495185852050781e+00 3.774014949798583984e+00
9.499053359031677246e-01 -5.857402086257934570e-01
3.473258733749389648e+00 6.172016263008117676e-01
-5.027337074279785156e-01 5.260000705718994141e+00
9.069982171058654785e-01 -8.125615715980529785e-01
2.138473272323608398e+00 3.654771566390991211e+00
-1.552209351211786270e-02 -1.133580327033996582e+00
1.550266146659851074e+00 -1.146440625190734863e+00
8.142824172973632812e-01 1.918496042490005493e-01
2.663388967514038086e+00 -5.522792339324951172e-01
1.347602248191833496e+00 -5.140196681022644043e-01
-1.570587515830993652e+00 7.966724038124084473e-01
4.934150695800781250e+00 -1.158008575439453125e+00
4.382235050201416016e+00 -9.689204096794128418e-01
-2.588497996330261230e-01 -2.120947599411010742e+00
-2.774901986122131348e-01 3.078114688396453857e-01
8.572547435760498047e-01 3.877508401870727539e+00
1.818205833435058594e+00 -4.487820267677307129e-01
-8.982779383659362793e-01 1.063340306282043457e+00
-2.126529455184936523e+00 -8.318379521369934082e-01
1.393674015998840332e-01 -1.488768815994262695e+00
1.140918016433715820e+00 -3.133101701736450195e+00
1.472912430763244629e+00 -9.901353716850280762e-01
4.336957931518554688e+00 -3.026090860366821289e+00
2.364291906356811523e+00 -2.065419435501098633e+00
2.488075971603393555e+00 -1.759427189826965332e+00
-2.130508661270141602e+00 1.797426462173461914e+00
-1.128945350646972656e+00 1.668310403823852539e+00
3.133718967437744141e+00 1.344312548637390137e+00
-3.168209552764892578e+00 1.639334917068481445e+00
3.139572858810424805e+00 1.343234181404113770e+00
1.578324437141418457e+00 -8.085792064666748047e-01
1.018988370895385742e+00 -1.396906495094299316e+00
2.469959020614624023e+00 5.142162799835205078e+00
4.658760070800781250e+00 -1.817194104194641113e+00
7.542732954025268555e-01 -3.755793869495391846e-01
6.457092165946960449e-01 4.289649963378906250e+00
1.963540196418762207e+00 -2.233011484146118164e+00
2.702408552169799805e+00 6.193921089172363281e+00
1.930038183927536011e-01 2.855432510375976562e+00
3.347573995590209961e+00 7.041559219360351562e-01
2.586039304733276367e+00 -1.242222547531127930e+00
3.668621540069580078e+00 -2.297920227050781250e+00
3.512962460517883301e-01 -1.218664050102233887e+00
3.566389322280883789e+00 3.745353221893310547e+00
-4.649035036563873291e-01 1.323621630668640137e+00
-5.041127651929855347e-02 -2.799449443817138672e+00
-1.797992229461669922e+00 -9.442579746246337891e-01
9.297934174537658691e-02 -9.764392375946044922e-01
1.702122449874877930e+00 2.927520513534545898e+00
-1.399372667074203491e-01 3.353649139404296875e+00
5.795619487762451172e-01 3.164249956607818604e-01
-1.290124505758285522e-01 -1.450057476758956909e-01
-4.332406520843505859e-01 -1.527662873268127441e+00
-2.547453939914703369e-01 2.846227645874023438e+00
8.247128129005432129e-01 -1.497786760330200195e+00
-1.835273027420043945e+00 -1.310766339302062988e+00
2.592598199844360352e+00 6.188125610351562500e+00
3.729402780532836914e+00 1.550701141357421875e+00
2.707362651824951172e+00 -3.275318741798400879e-01
-9.557172060012817383e-01 -1.157818078994750977e+00
4.245205402374267578e+00 -1.293336153030395508e+00
-1.693657398223876953e+00 2.524113416671752930e+00
4.651442468166351318e-01 4.667708873748779297e+00
5.875957965850830078e+00 -2.098478525876998901e-01
-5.603247284889221191e-01 4.913172245025634766e+00
4.118306159973144531e+00 1.664294600486755371e+00
1.063022136688232422e+00 -1.387748718261718750e+00
4.198318004608154297e+00 8.414889574050903320e-01
2.869800806045532227e+00 6.196619987487792969e+00
1.635414123535156250e+00 5.068994313478469849e-02
1.334533929824829102e+00 -1.699743390083312988e+00
1.631644248962402344e+00 -2.449527196586132050e-02
1.606248617172241211e+00 6.934794187545776367e-01
4.501974105834960938e+00 -1.153296232223510742e+00
5.647875666618347168e-01 2.991778850555419922e+00
1.509598195552825928e-01 5.673269271850585938e+00
-1.247152090072631836e+00 -1.589044809341430664e+00
-5.266722440719604492e-01 -4.955299794673919678e-01
4.259202003479003906e+00 -1.517187833786010742e+00
-1.004360675811767578e+00 -9.135972857475280762e-01
3.761049270629882812e+00 4.898709058761596680e-01
3.284057617187500000e+00 -7.968650460243225098e-01
4.474006295204162598e-01 1.463961124420166016e+00
3.661518335342407227e+00 3.766736745834350586e+00
-1.940991878509521484e+00 1.475960463285446167e-01
2.061694622039794922e+00 -5.163647234439849854e-02
-3.623842895030975342e-01 1.710452437400817871e+00
3.519272089004516602e+00 -2.954903990030288696e-02
-2.574892282485961914e+00 -7.641188800334930420e-02
9.445182681083679199e-01 -3.988204240798950195e+00
5.292773723602294922e+00 -4.887418746948242188e-01
1.548297405242919922e+00 -1.388880848884582520e+00
2.949804782867431641e+00 1.230939030647277832e+00
1.587699174880981445e+00 -1.104741930961608887e+00
1.686984419822692871e+00 -2.894283056259155273e+00
7.401314973831176758e-01 1.176470041275024414e+00
1.493677645921707153e-01 -1.659500718116760254e+00
2.781130075454711914e+00 1.882593393325805664e+00
3.727809786796569824e-01 -2.460987567901611328e+00
-2.394979476928710938e+00 2.680341482162475586e+00
1.820230126380920410e+00 -9.068664908409118652e-01
2.559137344360351562e+00 -1.148550152778625488e+00
-4.719536006450653076e-01 -2.578392028808593750e+00
1.968810796737670898e+00 2.933046102523803711e+00
-7.784126698970794678e-02 3.273894071578979492e+00
1.540948152542114258e+00 4.412584781646728516e+00
3.522238016128540039e+00 2.081280708312988281e+00
-4.220174551010131836e-01 7.120115756988525391e-01
-8.455788493156433105e-01 -3.336946487426757812e+00
2.836236953735351562e+00 1.062939286231994629e+00
-5.584100484848022461e-01 5.159816741943359375e+00
4.737975120544433594e+00 -6.906273961067199707e-01
-1.270325630903244019e-01 2.629272937774658203e+00
1.116575956344604492e+00 -2.135627746582031250e+00
3.565623283386230469e+00 -2.623160362243652344e+00
-1.006084203720092773e+00 9.280918836593627930e-01
3.459650039672851562e+00 -2.068547755479812622e-01
2.699635982513427734e+00 -2.611401557922363281e+00
-1.537449598312377930e+00 -2.004663228988647461e+00
4.698169231414794922e-01 4.205782413482666016e+00
4.186370372772216797e-01 1.479085326194763184e+00
4.225355148315429688e+00 2.551941871643066406e+00
3.952281951904296875e+00 4.717991873621940613e-02
3.158765077590942383e+00 2.794742345809936523e+00
1.307905197143554688e+00 2.513893365859985352e+00
2.596359968185424805e+00 1.265037298202514648e+00
1.197893768548965454e-01 7.829943895339965820e-01
1.157073616981506348e+00 -1.107989311218261719e+00
-5.806488990783691406e-01 5.290720462799072266e+00
1.205902770161628723e-01 3.714922189712524414e+00
1.337121844291687012e+00 5.805974006652832031e+00
2.327127933502197266e+00 -2.763192892074584961e+00
5.711945056915283203e+00 1.726386547088623047e+00
3.209340870380401611e-01 -4.625926315784454346e-01
4.438107609748840332e-01 3.570223093032836914e+00
1.104749917984008789e+00 4.734344959259033203e+00
3.906525850296020508e+00 1.732658743858337402e+00
1.281517386436462402e+00 -5.773658752441406250e-01
1.926088035106658936e-01 1.797995902597904205e-02
6.637136340141296387e-01 -2.365114450454711914e+00
-3.251357793807983398e+00 -3.276059389114379883e+00
8.658169209957122803e-02 -4.005027770996093750e+00
3.680203199386596680e+00 1.964423894882202148e+00
3.708039283752441406e+00 3.747065782546997070e+00
4.816730618476867676e-01 8.072108626365661621e-01
-9.001300483942031860e-02 3.859964847564697266e+00
4.342825889587402344e+00 3.481643676757812500e+00
-4.495710730552673340e-01 5.228136539459228516e+00
2.709359169006347656e+00 6.172441482543945312e+00
-2.433028966188430786e-01 3.830755710601806641e+00
1.620773822069168091e-01 5.062065124511718750e+00
3.778409719467163086e+00 -9.882947802543640137e-01
-4.470303952693939209e-01 -2.148619174957275391e+00
1.999950766563415527e+00 -3.330690860748291016e+00
1.489311456680297852e+00 -2.522061109542846680e+00
5.321519851684570312e+00 2.982623577117919922e+00
-2.740654945373535156e-01 -8.679768443107604980e-01
1.819308757781982422e+00 4.254478812217712402e-01
5.974769592285156250e-02 -8.099384903907775879e-01
7.544423341751098633e-01 4.953622817993164062e+00
2.268368482589721680e+00 9.795002937316894531e-01
2.050268888473510742e+00 -2.874661982059478760e-01
2.304782390594482422e+00 1.422278881072998047e+00
1.244949460029602051e+00 3.354265689849853516e+00
3.314273595809936523e+00 1.447176814079284668e+00
3.692799091339111328e+00 1.623641729354858398e+00
-3.881656527519226074e-01 3.472788572311401367e+00
2.548159837722778320e+00 8.999074101448059082e-01
1.714178681373596191e+00 -1.706152707338333130e-01
2.704992890357971191e-01 6.021221637725830078e+00
3.140594005584716797e+00 1.455980062484741211e+00
-2.650592088699340820e+00 2.298906803131103516e+00
2.569604635238647461e+00 -2.958421707153320312e-01
-4.614444375038146973e-01 3.384900808334350586e+00
3.187178134918212891e+00 4.593245983123779297e-01
2.107107400894165039e+00 2.272697210311889648e+00
1.865192413330078125e+00 -9.746965765953063965e-01
2.786094665527343750e+00 -3.051127195358276367e+00
5.454010486602783203e+00 -1.340651750564575195e+00
1.455317288637161255e-01 1.257143259048461914e+00
2.400445222854614258e+00 -3.228136062622070312e+00
5.713628977537155151e-02 1.923524618148803711e+00
1.773416548967361450e-01 -8.879331946372985840e-01
5.679625868797302246e-01 6.311267852783203125e+00
3.148750782012939453e+00 -1.003330945968627930e+00
3.516295909881591797e+00 3.251979947090148926e-01
2.585461139678955078e+00 -1.334894180297851562e+00
3.368932962417602539e+00 1.674219846725463867e+00
1.341917991638183594e+00 5.720883846282958984e+00
9.153210520744323730e-01 1.523705273866653442e-01
1.932130694389343262e+00 1.275443434715270996e-01
3.447298288345336914e+00 -4.472684264183044434e-01
-8.179321885108947754e-01 4.964818000793457031e+00
-1.277348846197128296e-01 -2.634523510932922363e-01
-2.839162647724151611e-01 2.427939414978027344e+00
2.259888648986816406e+00 2.420660734176635742e+00
1.017491698265075684e+00 3.688785314559936523e+00
-3.441637516021728516e+00 2.288267374038696289e+00
2.704510450363159180e+00 5.719382166862487793e-01
3.710270166397094727e+00 3.825397014617919922e+00
1.847652912139892578e+00 -6.034408211708068848e-01
-1.468740582466125488e+00 3.191034317016601562e+00
-1.376702547073364258e+00 3.191216468811035156e+00
8.127449154853820801e-01 -2.061100959777832031e+00
2.551002025604248047e+00 -1.442305684089660645e+00
2.389075040817260742e+00 3.111863434314727783e-01
6.950134634971618652e-01 5.233757495880126953e+00
1.623867630958557129e+00 -4.412173628807067871e-01
9.937934279441833496e-01 -1.582833051681518555e+00
3.080345392227172852e+00 1.539754629135131836e+00
-2.423931360244750977e+00 1.528521299362182617e+00
3.294309139251708984e+00 1.059756517410278320e+00
4.669797420501708984e+00 1.945116400718688965e+00
2.673405647277832031e+00 1.573979973793029785e+00
1.115021258592605591e-01 -1.989202737808227539e+00
4.365629673004150391e+00 2.661144495010375977e+00
4.574981689453125000e+00 -1.581811189651489258e+00
2.251483917236328125e+00 5.988959789276123047e+00
5.138853073120117188e+00 -1.611876130104064941e+00
4.147086143493652344e+00 1.146861553192138672e+00
1.495911955833435059e+00 -1.167639374732971191e+00
6.349817752838134766e+00 5.492141246795654297e-01
1.906976461410522461e+00 -4.201506614685058594e+00
2.758484840393066406e+00 6.191895961761474609e+00
1.833000063896179199e+00 1.969476222991943359e+00
-1.438826974481344223e-02 6.836545467376708984e-01
2.735472440719604492e+00 -4.136306941509246826e-01
6.887474656105041504e-01 3.795140981674194336e+00
2.519392251968383789e+00 -3.625635802745819092e-01
-9.583562612533569336e-01 -4.771017134189605713e-01
2.855088233947753906e+00 4.533318579196929932e-01
8.212809562683105469e-01 -1.408230066299438477e+00
-8.403620123863220215e-01 -1.636899948120117188e+00
1.566152095794677734e+00 -1.513062953948974609e+00
-7.176245003938674927e-02 -1.153782606124877930e+00
2.730016708374023438e-01 2.760139703750610352e+00
-1.531782597303390503e-01 -2.420657157897949219e+00
-6.228144764900207520e-01 3.991590440273284912e-01
1.393118143081665039e+00 -3.186952173709869385e-01
1.829790949821472168e+00 -8.679324388504028320e-01
-1.530023813247680664e+00 -5.241490006446838379e-01
-6.556667089462280273e-01 4.870162010192871094e+00
-2.461204528808593750e-01 -1.852306008338928223e+00
-3.369828164577484131e-01 2.942076921463012695e+00
-7.835686951875686646e-02 4.665740966796875000e+00
6.052475571632385254e-01 3.769111335277557373e-01
3.545854091644287109e-01 4.322700500488281250e+00
3.353837728500366211e-01 2.695835828781127930e+00
3.772017717361450195e+00 -1.944041550159454346e-01
2.064238309860229492e+00 -3.069383859634399414e+00
3.455585956573486328e+00 1.172650933265686035e+00
3.519304990768432617e+00 -2.126189231872558594e+00
1.154391288757324219e+00 -5.184789299964904785e-01
-3.847704827785491943e-01 -8.178307414054870605e-01
1.925900578498840332e-01 3.811170339584350586e+00
1.330953955650329590e+00 2.982264757156372070e+00
-9.250085353851318359e-01 4.293662548065185547e+00
1.980086714029312134e-01 3.965752601623535156e+00
3.294559717178344727e+00 1.038063168525695801e+00
7.177214622497558594e-01 -1.180956959724426270e+00
3.291438817977905273e+00 -7.070707529783248901e-02
4.052003860473632812e+00 1.650170087814331055e+00
4.701328754425048828e+00 1.338714241981506348e+00
2.503724098205566406e+00 -1.956049084663391113e+00
-1.117906332015991211e+00 -7.809867858886718750e-01
-2.013126909732818604e-01 3.201067447662353516e+00
3.641641438007354736e-01 -3.820174455642700195e+00
2.011623978614807129e-01 2.127518653869628906e+00
2.761516332626342773e+00 1.186406612396240234e+00
1.478103876113891602e+00 -2.675512790679931641e+00
3.334561824798583984e+00 1.180743455886840820e+00
1.347487092018127441e+00 3.655482769012451172e+00
1.854000210762023926e+00 2.753418207168579102e+00
7.187549024820327759e-02 -2.017916440963745117e+00
1.527841329574584961e+00 2.181679964065551758e+00
1.409065127372741699e+00 -7.937102913856506348e-01
-4.650523066520690918e-01 5.183815956115722656e+00
4.429003238677978516e+00 1.745946645736694336e+00
8.232654929161071777e-01 -8.608244657516479492e-01
2.714284420013427734e+00 3.989854097366333008e+00
2.470211833715438843e-01 3.805242300033569336e+00
-2.293012738227844238e-01 5.442795276641845703e+00
-3.456344008445739746e-01 1.545962929725646973e+00
9.052548408508300781e-01 -9.654216766357421875e-01
-1.606005072593688965e+00 -1.285884737968444824e+00
3.299848794937133789e+00 1.120870590209960938e+00
8.217807412147521973e-01 -1.252129793167114258e+00
5.879246234893798828e+00 1.523491144180297852e+00
4.014323234558105469e+00 1.906528353691101074e+00
-3.177014887332916260e-01 4.620757400989532471e-01
1.961233973503112793e+00 -8.569927811622619629e-01
2.784402370452880859e+00 1.690466523170471191e+00
3.870982408523559570e+00 -2.124965190887451172e+00
1.308184862136840820e+00 2.128926038742065430e+00
2.957347154617309570e+00 5.291448235511779785e-01
3.723905801773071289e+00 -3.154717922210693359e+00
1.017196655273437500e+00 1.769340634346008301e+00
-2.096573114395141602e+00 2.073665857315063477e+00
2.013504505157470703e+00 -1.035402774810791016e+00
-9.472841620445251465e-01 5.313158035278320312e+00
-2.739795207977294922e+00 3.763286471366882324e-01
4.994945049285888672e+00 1.302298009395599365e-01
3.606100559234619141e+00 1.367123842239379883e+00
-5.303287506103515625e-01 -2.178691387176513672e+00
1.179547905921936035e+00 1.025697231292724609e+00
1.816545844078063965e+00 -1.794390320777893066e+00
4.205841541290283203e+00 -2.508233487606048584e-01
2.621788501739501953e+00 -1.836769938468933105e+00
2.474910736083984375e+00 -7.277047038078308105e-01
-5.163207650184631348e-01 -1.150046348571777344e+00
3.152841091156005859e+00 -2.278456926345825195e+00
4.878330707550048828e+00 -5.128780007362365723e-01
-6.272916793823242188e-01 5.592303276062011719e+00
4.043016910552978516e+00 1.215481877326965332e+00
2.293665885925292969e+00 -7.735992670059204102e-01
-4.803209006786346436e-01 5.547681808471679688e+00
1.511664152145385742e+00 -1.783030509948730469e+00
1.473796069622039795e-01 -3.486773729324340820e+00
2.881604433059692383e+00 1.342201948165893555e+00
2.435652494430541992e+00 2.092655658721923828e+00
3.919714450836181641e+00 4.232434272766113281e+00
2.399423837661743164e+00 -4.886519312858581543e-01
3.327633857727050781e+00 1.348420619964599609e+00
1.071751713752746582e+00 -8.285522460937500000e-01
1.195967197418212891e+00 2.710620164871215820e+00
8.055384755134582520e-01 -3.328118026256561279e-01
2.920078754425048828e+00 1.577316164970397949e+00
4.151204109191894531e+00 1.250151157379150391e+00
2.350393682718276978e-01 -3.323163390159606934e-01
1.974379420280456543e-01 -1.336045145988464355e+00
-9.155181646347045898e-01 1.563403248786926270e+00
1.284250259399414062e+00 -6.314830183982849121e-01
-2.596985340118408203e+00 -7.657826542854309082e-01
1.668837428092956543e+00 6.591532826423645020e-01
2.763601064682006836e+00 1.594752371311187744e-01
2.242140531539916992e+00 -1.200263142585754395e+00
2.431001365184783936e-01 -1.209527850151062012e+00
-2.366284579038619995e-01 -1.784159183502197266e+00
-9.547444581985473633e-01 -3.106338500976562500e+00
1.404133915901184082e+00 3.178335428237915039e-01
1.264810204505920410e+00 -8.902618885040283203e-01
4.565604686737060547e+00 1.518804550170898438e+00
2.166878700256347656e+00 -1.765715479850769043e+00
1.891401767730712891e+00 -1.125390604138374329e-01
-5.853030085563659668e-01 -8.429556488990783691e-01
-4.475343227386474609e-02 -1.893570423126220703e+00
2.217118740081787109e+00 -3.582201898097991943e-02
-1.760823130607604980e-01 -4.011635184288024902e-01
-9.189468808472156525e-03 3.624212265014648438e+00
1.791539072990417480e+00 5.337792873382568359e+00
3.006170988082885742e+00 8.892954587936401367e-01
1.010953426361083984e+00 -1.443912982940673828e+00
4.114817142486572266e+00 -2.749826431274414062e+00
4.664292335510253906e+00 -3.659914135932922363e-01
4.862752556800842285e-01 -2.871630191802978516e-01
2.256183862686157227e+00 -3.910255670547485352e+00
2.984164953231811523e+00 -1.856019616127014160e+00
1.142886638641357422e+00 -2.166955947875976562e+00
-4.297027289867401123e-01 -3.897860527038574219e+00
3.144705057144165039e+00 1.374888062477111816e+00
-1.828472316265106201e-01 -1.986131668090820312e+00
2.832936525344848633e+00 -9.173519015312194824e-01
-4.368770122528076172e-01 -1.806430339813232422e+00
5.621827244758605957e-01 4.686192512512207031e+00
3.060207605361938477e+00 -2.227663278579711914e+00
-1.026821017265319824e+00 4.248782157897949219e+00
-2.317579090595245361e-01 3.477253675460815430e+00
1.381063222885131836e+00 -4.863989651203155518e-01
-2.036625862121582031e+00 6.436687111854553223e-01
3.968662977218627930e+00 2.579607009887695312e+00
4.242747783660888672e+00 6.942687034606933594e-01
8.228289484977722168e-01 4.222205162048339844e+00
7.331750988960266113e-01 -5.493975877761840820e-01
-4.424368143081665039e-01 -9.785248637199401855e-01
3.681928873062133789e+00 1.843217492103576660e+00
-8.028662949800491333e-02 -8.233973979949951172e-01
6.398370265960693359e-01 4.066746234893798828e+00
-6.487484574317932129e-01 4.833940982818603516e+00
1.186143517494201660e+00 -2.024811506271362305e+00
-2.570491731166839600e-01 1.163854263722896576e-02
4.780070781707763672e-01 4.717374801635742188e+00
3.294101953506469727e+00 2.140019655227661133e+00
3.461902141571044922e+00 -2.977758169174194336e+00
1.376646459102630615e-01 -7.927646636962890625e-01
3.096598863601684570e+00 2.223008632659912109e+00
-1.188158273696899414e+00 2.517258822917938232e-01
6.426183581352233887e-01 2.417143583297729492e+00
2.123211920261383057e-01 -1.263800561428070068e-01
-5.948609113693237305e-01 5.242478847503662109e+00
2.241199016571044922e+00 -1.032225012779235840e+00
9.420020580291748047e-01 1.574866056442260742e+00
-3.220685124397277832e-01 3.305366754531860352e+00
2.584463655948638916e-01 2.961733102798461914e+00
1.645133495330810547e+00 3.870803833007812500e+00
-1.840907335281372070e+00 -3.175419270992279053e-01
2.104381084442138672e+00 2.966876268386840820e+00
3.243881940841674805e+00 -3.184975862503051758e+00
-7.153419256210327148e-01 8.788971900939941406e-01
-2.587076723575592041e-01 -1.824453830718994141e+00
-1.222300291061401367e+00 -2.771279573440551758e+00
2.519997119903564453e+00 3.207769393920898438e+00
2.930412769317626953e+00 1.800311088562011719e+00
-1.468262910842895508e+00 3.792394876480102539e+00
3.010251760482788086e+00 2.874850988388061523e+00
1.199461460113525391e+00 -1.419676661491394043e+00
-6.827858090400695801e-01 -1.487027704715728760e-01
-1.019051909446716309e+00 6.668695807456970215e-01
-1.711368322372436523e+00 -7.943997383117675781e-01
-1.263446688652038574e+00 4.623551368713378906e+00
-1.564372628927230835e-01 -2.699469327926635742e+00
4.685338497161865234e+00 2.820488929748535156e+00
2.868165731430053711e+00 7.389996647834777832e-01
-7.539350390434265137e-01 4.234351634979248047e+00
-7.750456929206848145e-01 2.952375650405883789e+00
-8.525228500366210938e-01 -2.758554220199584961e+00
-3.444117307662963867e-01 5.406541824340820312e+00
6.525092124938964844e-01 1.202041745185852051e+00
3.532578229904174805e+00 3.040767669677734375e+00
-7.662331461906433105e-01 3.796628713607788086e+00
-7.394455075263977051e-01 -9.347768425941467285e-01
4.999114990234375000e+00 -2.339055091142654419e-01
3.250118196010589600e-01 2.483399391174316406e+00
-9.208536744117736816e-01 5.963903665542602539e-01
-1.327545166015625000e+00 -2.049896478652954102e+00
-7.155650258064270020e-01 -4.282635152339935303e-01
1.479408025741577148e+00 -5.031976476311683655e-02
3.071750164031982422e+00 -4.834303632378578186e-02
1.754023730754852295e-01 3.821261644363403320e+00
5.125730037689208984e+00 -1.670012712478637695e+00
1.621027350425720215e+00 -9.775213897228240967e-03
3.177569389343261719e+00 6.854466199874877930e-01
7.578869462013244629e-01 5.968437790870666504e-01
3.836529493331909180e+00 4.849556446075439453e+00
-1.471807718276977539e+00 3.621215820312500000e+00
5.065928101539611816e-01 -6.052649021148681641e-01
1.867636203765869141e+00 6.039510965347290039e-01
3.205441713333129883e+00 1.424602031707763672e+00
9.970283508300781250e-01 3.699605464935302734e-01
-5.809841752052307129e-01 5.497840881347656250e+00
3.308665990829467773e+00 8.965799808502197266e-01
1.022874832153320312e+00 -3.412718057632446289e+00
7.968932986259460449e-01 3.561805486679077148e+00
3.613857984542846680e+00 1.066802382469177246e+00
-8.592689633369445801e-01 2.119167804718017578e+00
2.002601623535156250e+00 -2.362370789051055908e-01
-1.493844270706176758e+00 4.611954212188720703e+00
1.312403976917266846e-01 1.441932797431945801e+00
-2.110559344291687012e-01 2.573635816574096680e+00
-2.101662158966064453e-01 3.977644920349121094e+00
-2.398206472396850586e+00 1.289346933364868164e+00
3.842681169509887695e+00 6.196191906929016113e-01
2.928604364395141602e+00 -1.139404058456420898e+00
3.539674997329711914e+00 1.191036343574523926e+00
5.845763087272644043e-01 -1.605555534362792969e+00
8.109718561172485352e-01 -3.301206350326538086e+00
-7.859023809432983398e-01 -1.383469104766845703e+00
4.169090390205383301e-01 4.049668312072753906e+00
1.992668986320495605e+00 1.669166684150695801e+00
-2.087340593338012695e+00 1.845933914184570312e+00
-5.900133252143859863e-01 3.703519582748413086e+00
-2.855434656143188477e+00 7.919347286224365234e-01
-4.641423225402832031e-01 -9.531363248825073242e-01
-3.555488288402557373e-01 -1.021074771881103516e+00
6.363482475280761719e-01 -2.890104532241821289e+00
2.934231996536254883e+00 3.522120237350463867e+00
7.720551639795303345e-02 3.762735605239868164e+00
4.636264324188232422e+00 4.928972125053405762e-01
3.111544370651245117e+00 7.848629355430603027e-01
-7.001610994338989258e-01 3.197968721389770508e+00
-6.324148178100585938e-01 3.492859125137329102e+00
-3.166096210479736328e+00 -3.269055128097534180e+00
-3.259576797485351562e+00 -3.189403772354125977e+00
-3.102791547775268555e+00 -3.399902582168579102e+00
-3.178674697875976562e+00 -3.382756948471069336e+00
-3.281038761138916016e+00 -3.393957138061523438e+00
-3.301774740219116211e+00 -3.384871721267700195e+00
-3.159554958343505859e+00 -3.295220851898193359e+00
-3.239489555358886719e+00 -3.391701221466064453e+00
-3.113743305206298828e+00 -3.352813005447387695e+00
-3.334393501281738281e+00 -3.382247209548950195e+00
-3.393091917037963867e+00 -3.190692424774169922e+00
-3.315667867660522461e+00 -3.414532184600830078e+00
-3.274498224258422852e+00 -3.336633682250976562e+00
-3.168752670288085938e+00 -3.461796522140502930e+00
-3.304597616195678711e+00 -3.060391426086425781e+00
-2.969886779785156250e+00 -3.358519077301025391e+00
-3.234114170074462891e+00 -3.339042425155639648e+00
-3.198320865631103516e+00 -3.469972610473632812e+00
-3.206040143966674805e+00 -3.290730237960815430e+00
-3.202237129211425781e+00 -3.423285722732543945e+00
-2.722969770431518555e+00 -3.482394456863403320e+00
-3.305052042007446289e+00 -3.344991922378540039e+00
-3.110496759414672852e+00 -3.440590381622314453e+00
-3.209989547729492188e+00 -3.113386869430541992e+00
-3.428398609161376953e+00 -3.266557216644287109e+00
-3.201605796813964844e+00 -3.084068059921264648e+00
-3.348421096801757812e+00 -3.474679708480834961e+00
-3.059788227081298828e+00 -3.301284313201904297e+00
-2.982209444046020508e+00 -3.364176750183105469e+00
-3.300354003906250000e+00 -3.135232210159301758e+00
-3.491023063659667969e+00 -2.992757797241210938e+00
-3.311592102050781250e+00 -3.413861036300659180e+00
-3.221130132675170898e+00 -3.584559917449951172e+00
-3.249134063720703125e+00 -3.380093812942504883e+00
-3.210740566253662109e+00 -3.388579368591308594e+00
-3.371838808059692383e+00 -3.322782039642333984e+00
-3.234763860702514648e+00 -3.491308689117431641e+00
-3.412391185760498047e+00 -3.327919244766235352e+00
-3.074406862258911133e+00 -3.457330465316772461e+00
-3.436850786209106445e+00 -3.142911911010742188e+00
